#  
#  ['Tue  Apr  29  15:33:13  PDT  2014']
#  
30.904  30.745  33.886  35.692  20.585
33.399  26.744  23.997  23.703  14.466
19.036  11.022  27.592  25.669  14.580
16.729  25.766  21.217  18.865  21.499
30.996  15.217  31.772  22.896  30.486
16.760  32.577  29.003  20.904  14.069
16.990  13.508  19.146  20.121  26.547
34.230  10.945  25.498  20.985  26.672
11.336  15.328  14.789  21.272  16.084
20.078  28.944  18.603  32.276  18.588
16.009  29.967  17.426  25.296  20.246
18.166  23.624  14.015  34.675  28.713
22.520  25.892  30.343  35.516  33.332
28.713  13.039  35.723  33.936  31.220
23.779  25.706  16.270  34.098  22.281
33.594  28.130  15.454  16.125  14.900
34.646  18.264  26.384  34.130  28.067
32.823  23.447  18.690  32.334  26.713
19.544  11.029  17.598  30.477  27.273
10.884  28.593  11.253  12.841  27.434
27.411  32.430  14.945  12.448  20.644
31.464  15.673  33.689  11.351  18.878
23.935  10.938  13.102  10.802  23.403
22.280  34.592  35.659  16.642  24.282
22.448  13.008  20.202  33.501  35.789
33.127  31.823  35.887  12.104  29.701
31.943  27.964  17.385  19.221  23.015
23.233  12.055  32.708  12.042  17.370
25.261  27.104  19.542  34.602  21.029
17.518  14.019  24.901  27.972  22.161
16.603  19.973  17.228  16.707  34.487
30.289  32.092  32.119  22.086  21.404
25.668  17.265  26.701  19.418  21.421
19.354  12.476  13.665  22.362  34.606
12.046  29.359  27.503  27.970  12.012
29.512  30.123  16.893  28.786  29.678
32.363  34.519  25.700  18.969  18.954
28.030  28.991  30.315  17.566  13.584
30.003  21.559  14.337  27.759  28.887
31.686  19.401  33.292  26.786  22.049
12.112  31.909  14.565  26.251  32.367
18.463  12.055  26.985  35.978  17.691
19.524  33.645  12.664  11.618  26.640
29.767  19.049  31.457  11.317  11.403
32.810  28.142  27.464  14.026  34.617
17.522  16.496  34.472  32.909  22.269
20.995  27.833  33.017  26.942  27.032
17.528  33.902  17.591  27.379  20.510
30.689  23.507  36.067  21.800  13.583
27.342  26.276  35.962  29.829  35.300
34.268  26.877  30.436  22.869  21.236
26.401  18.896  27.310  30.040  14.300
19.532  12.891  31.114  30.471  21.030
36.079  13.523  28.068  30.227  24.182
17.708  35.849  15.854  32.652  21.282
31.232  29.964  19.721  24.713  12.618
34.569  22.028  23.417  14.113  19.433
12.408  18.209  29.520  12.274  17.838
14.371  18.634  34.184  24.175  35.625
21.794  11.676  26.278  34.875  21.941
18.136  19.966  19.616  28.607  29.868
23.243  17.960  13.709  32.055  30.919
10.722  33.448  20.650  20.948  28.344
21.721  25.902  34.262  35.633  25.039
24.488  12.210  30.119  13.159  12.301
25.105  13.736  16.476  17.578  11.416
23.911  22.354  32.715  24.434  24.309
33.062  14.335  32.184  28.739  16.703
17.612  18.882  35.508  17.152  24.806
12.124  35.304  31.974  35.047  24.573
23.371  29.406  21.893  30.980  22.738
22.428  24.384  13.440  31.372  31.119
21.508  19.829  11.996  15.906  21.351
27.874  26.185  24.780  16.302  28.097
17.062  29.964  23.668  20.669  16.592
25.382  29.796  16.212  28.359  32.562
25.973  24.305  15.112  26.978  31.545
29.195  30.306  31.517  24.009  15.252
19.123  32.530  19.100  11.486  28.626
33.635  22.417  31.162  18.090  17.140
16.409  27.823  21.014  19.368  21.752
15.043  13.942  27.372  20.271  20.889
25.366  25.651  22.476  24.098  35.733
17.320  14.226  14.297  23.198  26.604
15.209  30.997  13.677  22.417  32.782
34.117  30.093  34.099  17.640  31.328
11.469  11.069  21.470  17.803  21.502
31.823  31.170  21.824  26.578  23.367
16.862  12.628  20.153  28.931  20.938
28.528  26.868  28.962  18.782  18.405
25.381  18.620  24.777  11.972  32.580
27.173  28.314  28.781  21.574  20.130
15.437  12.241  23.056  17.684  29.351
24.631  23.099  19.950  32.294  19.329
19.920  30.019  14.472  35.748  34.631
17.404  25.808  32.715  14.290  16.259
32.731  26.976  33.770  15.761  27.937
17.592  29.468  16.589  34.674  31.176
15.561  17.679  35.474  33.179  18.992
17.558  14.544  21.073  32.781  17.096
